[[[[ -32  -26   65   -9   21  -34   14  -70   -2  -58  -18   41   15
     -47   -4  -53  -51   45  -71   38 -127  -60  -55   82  -16   64
      -2  -44  127   34   73  -38]]

  [[   8 -127   75   70  -17   -2   48  -85   -5   25 -100  -75   -8
     -50    1  -27  -78   72 -127   26    1  -77   67  -25  -86   67
      90 -122    5   13   97    3]]

  [[  41  -49  -12   51   57   41   79   71   80   39  -32   36  -68
     -25    1   15 -127   48  -51  -66   20  -36  -78   -6   13  -19
     110  -69 -105   76   85  -42]]

  [[ -65   88   50  -75  -23 -102 -112   45   66    8  -10  -11 -127
      31    4   72  -91   26  -28   53  127  127  -51  -82  -59   77
     110  -54  -58  106  -13 -123]]

  [[-127   38   30 -127   17   30   -5   67  108    9   16  -16    3
      14    5    7  -65   72   -4  -18   51 -105  108  -86  -40   15
     127   91   -4    6    2 -127]]]


 [[[ -71    9   52  -15  -35    9  -13  -47   27  -47  -86   25   -8
      43   13   45   51  -23  -19   19 -116 -109  -65   14  -45   59
     -76   47   77   61   14  -66]]

  [[   6 -114    6  103   21 -127    8 -103   62   22 -127  -97   35
      79   16   19   13   82  -74  -22  -75  -56   68   44  -41  -51
      57    3   62   53    1  -41]]

  [[  54   14  -26   60  -17   -5  127   59   68   39  -65   94   14
     -31   11   69  -40   84  -27  -49   84  -41  -34   -6   11  -26
      65   31  -25   41   46   24]]

  [[  20   58   31    0    5    8  -94   34   20  -27    1   16  -93
      76    9   90  -51    1   14   76   95  101 -105   57  -48   59
      43   -2  -68   82   29   30]]

  [[ -70   49  -23 -124   45   43  -34   52   24  -45   12    5  -72
      39    5 -127   17  -28   24  -22  -36  -64  100   71    0  -52
      25  127  -16   75    7  -68]]]


 [[[   8   58    9    8   16   32   -7   32   24  -36   -6    0  -19
      68   11   75    1  -70    6   49  125  -12  -34  127 -112   -9
     -35  -37   11  -75  -18   17]]

  [[  35    1   45   95  -55   39  -23 -127   52  110  -25  -97   -4
     123    5   50   50 -105   11  -21  -47   47  127   -7   -5  -56
     -29  -31   53   23   38   12]]

  [[ -19   35  -29  -42  -47   88   57   64   21  -15   -2   87   33
      36   -6  -16   62  -25   -1 -114  -33  -46  -57   29   48   18
      -7   31  -46   -7   30  -26]]

  [[ -18  -36  -10   19   46  -77  -91  -15  -57   24    6   16   -5
     -52   -7   17  -13  -43   12   44  -61   96 -109  -98  -26  -26
     -20  -34   28   72  -30   40]]

  [[  35   20    1  -23   43  -58   52   48  -32   18    1   28  -35
      23   -1 -112   -3  -51   12   31   -9  -18   42  -64   21  -17
      11   89   20   22  -25   28]]]


 [[[  50   40   48   77  -77   86   16  -68   12 -111    8  -33  -21
      -2    9  -72    4  -50  -16   34   57  -21   54    2 -127  -15
      29  -20   48  -37  -34   47]]

  [[ -18  -12   38   -2  -94   11   21  -90  -29  118    4 -107  -10
     -48    1   -9   -6 -123    1  -20   14   49   90   -6   47   45
      30  -15   33  -28  -67   51]]

  [[   0   43  -65  -19   52 -123   90   43   13  -36   12  106   45
       4  -31   -5   20 -127    0  -92   78   59  -23  -35   25   35
      19   16  -53  -74  -51   49]]

  [[ -21  -16   38   17  127  -85  -88   19  -66  -18    0   38   10
      27  -50   82   56  -21   15    5  -93   71  -61  -64   21  -72
      46    6  -15   56   23   58]]

  [[   1  -52   -5    9  -16   69  -17  112  -60   -8    1   -7  -23
       8  -13   -2   43   14   -6   68  -41  -68   -3   -8   37   52
      61   95   -8   -2  -12   64]]]


 [[[  42   14   13   53 -102   87  -43    1  -20 -127   16   22   21
     -25   -8  -12    8   80    0   34  -32  -14   50   53 -126  -81
      19    5   10  -62  -44   36]]

  [[  15   -1   58   -2  -13   37    5  -85  -36  107    1 -127    5
    -116   -6 -100   44   43    5    9   14   46   62  -55  104  -44
      57  -45   18  -59 -127  -12]]

  [[ -12    1   16  -22   42   52   76  -96  -94   14   -4   79   40
    -127  -58  -25   85   23   -1 -127   79   86  -42   44   58  -55
     -64  -48  -59 -127  -30   16]]

  [[   6  -26  -42  -29   59  -70  -15  -44 -127    6   -9   30    9
     -71 -127   49   36  -25   22   48   -5  -40  -41  -35  -13 -127
     -12  -60    2   31   31   41]]

  [[   9  -42 -127  -50   -4   90  -21  -10  -30   16   -6  -22  -20
      14  -31   -2   10    5   11   32  -55  -80   20   45   43   19
     -59   91  -25   30  -27   47]]]]