[[[[ -34  -26   61  -12   25  -46   16  -83   -4  -61  -18   40   16
     -43   -4  -55  -53   40  -73   38 -127  -61  -54   76  -40   66
      -7  -53  127   22   77  -40]]

  [[   9 -127   75   68  -13   -7   50  -92   -3   24  -99  -75   -9
     -45    1  -26  -76   68 -127   29    4  -87   67  -23  -89   69
      86 -124    3    1   93    4]]

  [[  41  -46  -16   55   58   42   80   85   76   38  -32   39  -70
     -21    2    9 -127   50  -52  -65   11  -31  -81    3   15  -12
     103  -73 -101   73   84  -46]]

  [[ -66   91   44  -73  -28 -106 -109   48   67    4  -10  -10 -127
      31    4   70  -89   24  -26   49  124  127  -52  -71  -65   74
     106  -44  -50  102  -13 -124]]

  [[-127   35   28 -127   13   25   -5   77  107    8   15  -17    5
      20    5    4  -68   69   -6  -21   50 -107  107  -79  -45   22
     127   93   -3   -7    1 -127]]]


 [[[ -70   10   51  -11  -39    0  -16  -59   31  -46  -84   25   -8
      38   13   48   59  -28  -21   17 -119 -114  -68   19  -54   59
     -78   42   77   56   16  -68]]

  [[   8 -115    3  102   23 -127    9 -108   59   23 -127  -97   35
      77   15   20   16   74  -71  -22  -77  -63   59   49  -37  -55
      57    7   60   50   -1  -45]]

  [[  57   14  -20   61  -20   -7  127   75   65   38  -66   93   11
     -32   11   70  -42   76  -28  -46   82  -40  -30   -4    9  -24
      65   32  -21   37   44   23]]

  [[  27   58   29    1    7    4  -95   35   23  -32    1   19  -87
      73    9   90  -53   -3   12   73   94  108 -102   64  -49   55
      47   -4  -65   77   30   35]]

  [[ -73   48  -24 -125   45   48  -37   49   26  -46   11    7  -65
      39    4 -127   20  -33   21  -25  -31  -68   94   63   -1  -49
      27  127  -15   68    9  -72]]]


 [[[   5   62    4    7   19   22   -4   41   26  -35   -3   -4  -20
      67   11   73    2  -65    4   48  124  -20  -36  127 -108  -12
     -38  -50   10  -75  -15   21]]

  [[  39    0   47   94  -56   36  -21 -127   51  108  -23  -97   -3
     120    6   47   56 -104   10  -18  -51   43  127  -11   -5  -61
     -31  -35   51   21   42   12]]

  [[ -30   32  -26  -43  -44   85   53   78   22  -16   -2   81   31
      40   -5  -14   67  -27   -3 -114  -34  -53  -54   28   54   14
      -5   33  -45   -5   27  -32]]

  [[ -17  -38  -16   17   45  -76  -89   -7  -57   22    7   18   -8
     -53   -8   16  -10  -46   10   42  -65  100 -106  -86  -28  -32
     -20  -30   34   69  -27   42]]

  [[  33   20   -4  -25   43  -64   51   68  -30   22   -1   32  -34
      25   -1 -103   -5  -55   11   29   -6  -16   40  -63   23  -16
      15   91   15   19  -21   31]]]


 [[[  47   47   46   78  -84   85   17  -86   14 -113    9  -36  -22
       4    9  -74    7  -54  -16   34   61  -22   52   -3 -122  -17
      25  -25   53  -38  -34   47]]

  [[ -23  -14   39   -9  -97   17   23 -101  -31  112    4 -105  -11
     -48    0   -6   -3 -125    1  -19   11   52   89   -4   42   43
      24  -15   33  -30  -65   47]]

  [[  -1   42  -67  -17   54 -126   89   52   13  -37   11  100   44
       4  -31   -5   23 -127    1  -88   79   65  -22  -34   26   31
      15   15  -49  -74  -55   49]]

  [[ -23  -17   34   18  127  -90  -86   26  -63  -21   -1   37   10
      29  -49   78   63  -17   14    3  -92   71  -59  -55   24  -77
      38    7  -11   52   26   61]]

  [[  -1  -48   -9    8  -18   70  -18  126  -60  -11    0   -4  -25
       8  -12    9   48   17   -8   66  -39  -70   -7   -4   40   47
      58   94  -12   -7  -11   65]]]


 [[[  39   16   10   57 -104   86  -45   10  -21 -127   17   15   20
     -24   -9  -14    8   84    0   32  -35  -10   50   50 -127  -82
      14   -1   12  -66  -46   41]]

  [[  16   -2   56    1  -13   38    5  -80  -38  109    3 -127    5
    -109   -6 -102   49   39    6   10   12   51   65  -58  100  -49
      55  -48   20  -65 -127  -18]]

  [[ -19    0   15  -23   43   54   75 -102  -94   15   -3   78   40
    -127  -59  -30   94   19    0 -127   81   97  -41   38   60  -65
     -72  -52  -56 -127  -30   15]]

  [[   4  -26  -46  -27   60  -66  -11  -44 -127    5   -9   30    8
     -72 -127   48   36  -26   21   48   -2  -43  -40  -34  -15 -127
     -19  -63    5   23   28   46]]

  [[  12  -41 -127  -52   -7   97  -20  -13  -29   21   -4  -23  -21
      16  -32    1   14    8   11   31  -57  -77   19   44   47   20
     -71   91  -27   23  -31   48]]]]